lpm,spl_t_t_cl30_t10_d4.5,audio_freq_t_t_cl30_t10_d4.5,volt_freq_t_t_cl30_t10_d4.5,spl_t_fl_cl30_t10_d5.5,audio_freq_t_fl_cl30_t10_d5.5,volt_freq_t_fl_cl30_t10_d5.5,T-T-CL30-T10-Vamp-V1,T-T-CL30-T10-Aamp-V1,spl_t_fl_cl30_t10_d4.5,FL_T_cl30_d4.5,spl_t_t_cl30_t10_d4.5_v2,spl_t_t_cl30_t10_d4.5_v2_traceback
6.3,62.7,691,691,44,20,2,0.022,37.3,39.6,43.5,64.4,65.2
6.8,70.7,694,694.8,44.6,20,8,0.023,37.6,41,43.1,67.1,70.4
7.3,72.3,699,699,45.3,20,6,0.0243,39.8,41.2,43.2,70,71.1
7.8,76.1,702,702,46,20,0,0.0263,41.8,41.5,44.2,70.5,69.4
8.2,81.3,706,706,48.2,20,6,0.0282,41,41.7,45.4,72.5,75.5
8.8,82.6,715,715,49.4,20,10,0.0292,41.5,41.6,46,73.4,80.3
9.3,83.1,721,721,50.2,20,6,0.0299,44.8,42.4,47.3,78.1,79
9.8,84.6,734,734.9,49.6,20,139,0.0335,46.8,43.1,49.3,80.1,79.8
10.3,78.1,754,755,50.9,20,98,0.0299,47.9,44.1,48.3,70.7,69.9
10.8,71.9,765,766,51.9,20,5,0.0361,48.7,44.3,51.5,64.8,66
11.3,67.6,773,776,51.1,20,4,0.1274,70.3,44.7,53.7,63.5,61.8
12.3,61.2,786,786,48.5,20,23,0.1331,69.3,45.6,55.1,59.6,60.7
13.3,58.6,807,807,48.5,20,258,0.1383,70.6,47.2,54.2,58.1,58.9
15.3,56.6,20,5,51.6,20,4,0.1537,73.7,49.5,58.4,57.6,57.5
,,,,,,,0.1567,76.3,,,,
,,,,,,,0.1594,77.5,,,,
,,,,,,,0.1594,77.3,,,,
,,,,,,,0.1531,76.5,,,,
,,,,,,,0.139,72.1,,,,
,,,,,,,0.1242,70.8,,,,
,,,,,,,0.0828,65.4,,,,
,,,,,,,0.0624,61.1,,,,
,,,,,,,0.0493,58.7,,,,
,,,,,,,0.0371,59.8,,,,
,,,,,,,0.04,60.3,,,,
,,,,,,,0.0359,60.1,,,,
